"lepton"<-
list("Bmu"=c(18.3,17.5,22,22.4,15,21,22,18.2,35,17.8,17.1,17.6,12.9,19.4,18,17.7,17.4,18.8,17.7,18.3),
      "B1"=c(84,86,85.2,85.2,85.1,87.8,84.7,86.7,86.9,86.1,87.9,87.2,84.7),
      "Be"=c(18.9,22.4,16,18.2,19,17.6,18.3,20.4,13,18.2,17.4,17,18.4,19.1),
      "Bpi"=c(9,8,11.7,9.9,11.8,10.7,10),
      "Brho"=c(24,20.5,22.1,22.3,22.3,22.6)
)