"mileage" <- 
list("mpg1" = c(16.899999999999999, 15.5, 19.199999999999999, 18.5, 30., 27.5, 
	27.199999999999999, 30.899999999999999, 20.300000000000001, 17., 
	21.600000000000001, 16.199999999999999, 20.600000000000001, 
	20.800000000000001, 18.600000000000001, 18.100000000000001, 17., 
	17.600000000000001, 16.5, 18.199999999999999, 26.5, 21.899999999999999,
	34.100000000000001, 35.100000000000001, 27.399999999999999, 31.5, 29.5,
	28.399999999999999, 28.800000000000001, 26.800000000000001, 33.5, 
	34.200000000000003, 31.800000000000001, 37.299999999999997, 30.5, 22.,
	21.5, 31.899999999999999)
, "cyl1" = c(8., 8., 8., 8., 4., 4., 4., 4., 5., 6., 4., 6., 6., 6., 6., 6., 8., 8., 8.,
	8., 4., 6., 4., 4., 4., 4., 4., 4., 6., 6., 4., 4., 4., 4., 4., 6.,
	4., 4.)
, "mpg2" = c(21., 21., 22.800000000000001, 21.399999999999999, 18.699999999999999, 
	18.100000000000001, 14.300000000000001, 24.399999999999999, 
	22.800000000000001, 19.199999999999999, 17.800000000000001, 
	16.399999999999999, 17.300000000000001, 15.199999999999999, 10.4, 10.4,
	14.699999999999999, 32.399999999999999, 30.399999999999999, 
	33.899999999999999, 21.5, 15.5, 15.199999999999999, 13.300000000000001,
	19.199999999999999, 27.300000000000001, 26., 30.399999999999999, 
	15.800000000000001, 19.699999999999999, 15., 21.399999999999999)
, "cyl2" = c(6., 6., 4., 6., 8., 6., 8., 4., 4., 6., 6., 8., 8., 8., 8., 8., 8., 4., 4.,
	4., 4., 8., 8., 8., 8., 4., 4., 4., 8., 6., 8., 4.)
)

